Minimum edit distance between s1= 'kitten' and s2= 'sitting' is 3
dp[i][j] = minimum edits to turn first i chars of s1 into first j chars of s2.

[0, 1, 2, 3, 4, 5, 6, 7]
[1, 1, 0, 0, 0, 0, 0, 0]
[2, 0, 0, 0, 0, 0, 0, 0]
[3, 0, 0, 0, 0, 0, 0, 0]
[4, 0, 0, 0, 0, 0, 0, 0]
[5, 0, 0, 0, 0, 0, 0, 0]
[6, 0, 0, 0, 0, 0, 0, 0]

dp[1,2] = 2 = min to turn k to si  
= min (
  dp[0,2] +1,  # delete = 3
  dp[1,1] +1, insert = 2
  dp[0,1] + cost , susbtitute =2 
)
[0, 1, 2, 3, 4, 5, 6, 7]
[1, 1, 2, 0, 0, 0, 0, 0]
[2, 0, 0, 0, 0, 0, 0, 0]
[3, 0, 0, 0, 0, 0, 0, 0]
[4, 0, 0, 0, 0, 0, 0, 0]
[5, 0, 0, 0, 0, 0, 0, 0]
[6, 0, 0, 0, 0, 0, 0, 0]

dp[1,3] turn k to sit
= min (
  dp[0,3] +1,  # delete = 4
  dp[1,2] +1, insert = 3
  dp[0,2] + cost , susbtitute = 3
)

dp[0,3] = 3  # "" -> "sit"  Delete the last char of s1 (k), then compute minimal edits to "" → "sit" (dp[0,3] = 3).
dp[1,2] = 2  # "k" -> "si" Keep "k" (current s1[0]) and insert the new char "t" from s2.
                           dp[1,2] = 2 is min edits for "k" → "si", then we insert "t" → total 3.
dp[0,2] = 2  # "" -> "si"  Substitute "k" → "t" after the previous edits → total 3

[0, 1, 2, 3, 4, 5, 6, 7]
[1, 1, 2, 3, 0, 0, 0, 0]
[2, 0, 0, 0, 0, 0, 0, 0]
[3, 0, 0, 0, 0, 0, 0, 0]
[4, 0, 0, 0, 0, 0, 0, 0]
[5, 0, 0, 0, 0, 0, 0, 0]
[6, 0, 0, 0, 0, 0, 0, 0]

[0, 1, 2, 3, 4, 5, 6, 7]
[1, 1, 2, 3, 4, 0, 0, 0]
[2, 0, 0, 0, 0, 0, 0, 0]
[3, 0, 0, 0, 0, 0, 0, 0]
[4, 0, 0, 0, 0, 0, 0, 0]
[5, 0, 0, 0, 0, 0, 0, 0]
[6, 0, 0, 0, 0, 0, 0, 0]

[0, 1, 2, 3, 4, 5, 6, 7]
[1, 1, 2, 3, 4, 5, 0, 0]
[2, 0, 0, 0, 0, 0, 0, 0]
[3, 0, 0, 0, 0, 0, 0, 0]
[4, 0, 0, 0, 0, 0, 0, 0]
[5, 0, 0, 0, 0, 0, 0, 0]
[6, 0, 0, 0, 0, 0, 0, 0]

[0, 1, 2, 3, 4, 5, 6, 7]
[1, 1, 2, 3, 4, 5, 6, 0]
[2, 0, 0, 0, 0, 0, 0, 0]
[3, 0, 0, 0, 0, 0, 0, 0]
[4, 0, 0, 0, 0, 0, 0, 0]
[5, 0, 0, 0, 0, 0, 0, 0]
[6, 0, 0, 0, 0, 0, 0, 0]

[0, 1, 2, 3, 4, 5, 6, 7]
[1, 1, 2, 3, 4, 5, 6, 7]
[2, 0, 0, 0, 0, 0, 0, 0]
[3, 0, 0, 0, 0, 0, 0, 0]
[4, 0, 0, 0, 0, 0, 0, 0]
[5, 0, 0, 0, 0, 0, 0, 0]
[6, 0, 0, 0, 0, 0, 0, 0]

[0, 1, 2, 3, 4, 5, 6, 7]
[1, 1, 2, 3, 4, 5, 6, 7]
[2, 2, 0, 0, 0, 0, 0, 0]
[3, 0, 0, 0, 0, 0, 0, 0]
[4, 0, 0, 0, 0, 0, 0, 0]
[5, 0, 0, 0, 0, 0, 0, 0]
[6, 0, 0, 0, 0, 0, 0, 0]

[0, 1, 2, 3, 4, 5, 6, 7]
[1, 1, 2, 3, 4, 5, 6, 7]
[2, 2, 1, 0, 0, 0, 0, 0]
[3, 0, 0, 0, 0, 0, 0, 0]
[4, 0, 0, 0, 0, 0, 0, 0]
[5, 0, 0, 0, 0, 0, 0, 0]
[6, 0, 0, 0, 0, 0, 0, 0]

[0, 1, 2, 3, 4, 5, 6, 7]
[1, 1, 2, 3, 4, 5, 6, 7]
[2, 2, 1, 2, 0, 0, 0, 0]
[3, 0, 0, 0, 0, 0, 0, 0]
[4, 0, 0, 0, 0, 0, 0, 0]
[5, 0, 0, 0, 0, 0, 0, 0]
[6, 0, 0, 0, 0, 0, 0, 0]

[0, 1, 2, 3, 4, 5, 6, 7]
[1, 1, 2, 3, 4, 5, 6, 7]
[2, 2, 1, 2, 3, 0, 0, 0]
[3, 0, 0, 0, 0, 0, 0, 0]
[4, 0, 0, 0, 0, 0, 0, 0]
[5, 0, 0, 0, 0, 0, 0, 0]
[6, 0, 0, 0, 0, 0, 0, 0]

[0, 1, 2, 3, 4, 5, 6, 7]
[1, 1, 2, 3, 4, 5, 6, 7]
[2, 2, 1, 2, 3, 4, 0, 0]
[3, 0, 0, 0, 0, 0, 0, 0]
[4, 0, 0, 0, 0, 0, 0, 0]
[5, 0, 0, 0, 0, 0, 0, 0]
[6, 0, 0, 0, 0, 0, 0, 0]

[0, 1, 2, 3, 4, 5, 6, 7]
[1, 1, 2, 3, 4, 5, 6, 7]
[2, 2, 1, 2, 3, 4, 5, 0]
[3, 0, 0, 0, 0, 0, 0, 0]
[4, 0, 0, 0, 0, 0, 0, 0]
[5, 0, 0, 0, 0, 0, 0, 0]
[6, 0, 0, 0, 0, 0, 0, 0]

[0, 1, 2, 3, 4, 5, 6, 7]
[1, 1, 2, 3, 4, 5, 6, 7]
[2, 2, 1, 2, 3, 4, 5, 6]
[3, 0, 0, 0, 0, 0, 0, 0]
[4, 0, 0, 0, 0, 0, 0, 0]
[5, 0, 0, 0, 0, 0, 0, 0]
[6, 0, 0, 0, 0, 0, 0, 0]

[0, 1, 2, 3, 4, 5, 6, 7]
[1, 1, 2, 3, 4, 5, 6, 7]
[2, 2, 1, 2, 3, 4, 5, 6]
[3, 3, 0, 0, 0, 0, 0, 0]
[4, 0, 0, 0, 0, 0, 0, 0]
[5, 0, 0, 0, 0, 0, 0, 0]
[6, 0, 0, 0, 0, 0, 0, 0]

[0, 1, 2, 3, 4, 5, 6, 7]
[1, 1, 2, 3, 4, 5, 6, 7]
[2, 2, 1, 2, 3, 4, 5, 6]
[3, 3, 2, 0, 0, 0, 0, 0]
[4, 0, 0, 0, 0, 0, 0, 0]
[5, 0, 0, 0, 0, 0, 0, 0]
[6, 0, 0, 0, 0, 0, 0, 0]

[0, 1, 2, 3, 4, 5, 6, 7]
[1, 1, 2, 3, 4, 5, 6, 7]
[2, 2, 1, 2, 3, 4, 5, 6]
[3, 3, 2, 1, 0, 0, 0, 0]
[4, 0, 0, 0, 0, 0, 0, 0]
[5, 0, 0, 0, 0, 0, 0, 0]
[6, 0, 0, 0, 0, 0, 0, 0]

[0, 1, 2, 3, 4, 5, 6, 7]
[1, 1, 2, 3, 4, 5, 6, 7]
[2, 2, 1, 2, 3, 4, 5, 6]
[3, 3, 2, 1, 2, 0, 0, 0]
[4, 0, 0, 0, 0, 0, 0, 0]
[5, 0, 0, 0, 0, 0, 0, 0]
[6, 0, 0, 0, 0, 0, 0, 0]

[0, 1, 2, 3, 4, 5, 6, 7]
[1, 1, 2, 3, 4, 5, 6, 7]
[2, 2, 1, 2, 3, 4, 5, 6]
[3, 3, 2, 1, 2, 3, 0, 0]
[4, 0, 0, 0, 0, 0, 0, 0]
[5, 0, 0, 0, 0, 0, 0, 0]
[6, 0, 0, 0, 0, 0, 0, 0]

[0, 1, 2, 3, 4, 5, 6, 7]
[1, 1, 2, 3, 4, 5, 6, 7]
[2, 2, 1, 2, 3, 4, 5, 6]
[3, 3, 2, 1, 2, 3, 4, 0]
[4, 0, 0, 0, 0, 0, 0, 0]
[5, 0, 0, 0, 0, 0, 0, 0]
[6, 0, 0, 0, 0, 0, 0, 0]

[0, 1, 2, 3, 4, 5, 6, 7]
[1, 1, 2, 3, 4, 5, 6, 7]
[2, 2, 1, 2, 3, 4, 5, 6]
[3, 3, 2, 1, 2, 3, 4, 5]
[4, 0, 0, 0, 0, 0, 0, 0]
[5, 0, 0, 0, 0, 0, 0, 0]
[6, 0, 0, 0, 0, 0, 0, 0]

[0, 1, 2, 3, 4, 5, 6, 7]
[1, 1, 2, 3, 4, 5, 6, 7]
[2, 2, 1, 2, 3, 4, 5, 6]
[3, 3, 2, 1, 2, 3, 4, 5]
[4, 4, 0, 0, 0, 0, 0, 0]
[5, 0, 0, 0, 0, 0, 0, 0]
[6, 0, 0, 0, 0, 0, 0, 0]

[0, 1, 2, 3, 4, 5, 6, 7]
[1, 1, 2, 3, 4, 5, 6, 7]
[2, 2, 1, 2, 3, 4, 5, 6]
[3, 3, 2, 1, 2, 3, 4, 5]
[4, 4, 3, 0, 0, 0, 0, 0]
[5, 0, 0, 0, 0, 0, 0, 0]
[6, 0, 0, 0, 0, 0, 0, 0]

[0, 1, 2, 3, 4, 5, 6, 7]
[1, 1, 2, 3, 4, 5, 6, 7]
[2, 2, 1, 2, 3, 4, 5, 6]
[3, 3, 2, 1, 2, 3, 4, 5]
[4, 4, 3, 2, 0, 0, 0, 0]
[5, 0, 0, 0, 0, 0, 0, 0]
[6, 0, 0, 0, 0, 0, 0, 0]

[0, 1, 2, 3, 4, 5, 6, 7]
[1, 1, 2, 3, 4, 5, 6, 7]
[2, 2, 1, 2, 3, 4, 5, 6]
[3, 3, 2, 1, 2, 3, 4, 5]
[4, 4, 3, 2, 1, 0, 0, 0]
[5, 0, 0, 0, 0, 0, 0, 0]
[6, 0, 0, 0, 0, 0, 0, 0]

[0, 1, 2, 3, 4, 5, 6, 7]
[1, 1, 2, 3, 4, 5, 6, 7]
[2, 2, 1, 2, 3, 4, 5, 6]
[3, 3, 2, 1, 2, 3, 4, 5]
[4, 4, 3, 2, 1, 2, 0, 0]
[5, 0, 0, 0, 0, 0, 0, 0]
[6, 0, 0, 0, 0, 0, 0, 0]

[0, 1, 2, 3, 4, 5, 6, 7]
[1, 1, 2, 3, 4, 5, 6, 7]
[2, 2, 1, 2, 3, 4, 5, 6]
[3, 3, 2, 1, 2, 3, 4, 5]
[4, 4, 3, 2, 1, 2, 3, 0]
[5, 0, 0, 0, 0, 0, 0, 0]
[6, 0, 0, 0, 0, 0, 0, 0]

[0, 1, 2, 3, 4, 5, 6, 7]
[1, 1, 2, 3, 4, 5, 6, 7]
[2, 2, 1, 2, 3, 4, 5, 6]
[3, 3, 2, 1, 2, 3, 4, 5]
[4, 4, 3, 2, 1, 2, 3, 4]
[5, 0, 0, 0, 0, 0, 0, 0]
[6, 0, 0, 0, 0, 0, 0, 0]

[0, 1, 2, 3, 4, 5, 6, 7]
[1, 1, 2, 3, 4, 5, 6, 7]
[2, 2, 1, 2, 3, 4, 5, 6]
[3, 3, 2, 1, 2, 3, 4, 5]
[4, 4, 3, 2, 1, 2, 3, 4]
[5, 5, 0, 0, 0, 0, 0, 0]
[6, 0, 0, 0, 0, 0, 0, 0]

[0, 1, 2, 3, 4, 5, 6, 7]
[1, 1, 2, 3, 4, 5, 6, 7]
[2, 2, 1, 2, 3, 4, 5, 6]
[3, 3, 2, 1, 2, 3, 4, 5]
[4, 4, 3, 2, 1, 2, 3, 4]
[5, 5, 4, 0, 0, 0, 0, 0]
[6, 0, 0, 0, 0, 0, 0, 0]

[0, 1, 2, 3, 4, 5, 6, 7]
[1, 1, 2, 3, 4, 5, 6, 7]
[2, 2, 1, 2, 3, 4, 5, 6]
[3, 3, 2, 1, 2, 3, 4, 5]
[4, 4, 3, 2, 1, 2, 3, 4]
[5, 5, 4, 3, 0, 0, 0, 0]
[6, 0, 0, 0, 0, 0, 0, 0]

[0, 1, 2, 3, 4, 5, 6, 7]
[1, 1, 2, 3, 4, 5, 6, 7]
[2, 2, 1, 2, 3, 4, 5, 6]
[3, 3, 2, 1, 2, 3, 4, 5]
[4, 4, 3, 2, 1, 2, 3, 4]
[5, 5, 4, 3, 2, 0, 0, 0]
[6, 0, 0, 0, 0, 0, 0, 0]

[0, 1, 2, 3, 4, 5, 6, 7]
[1, 1, 2, 3, 4, 5, 6, 7]
[2, 2, 1, 2, 3, 4, 5, 6]
[3, 3, 2, 1, 2, 3, 4, 5]
[4, 4, 3, 2, 1, 2, 3, 4]
[5, 5, 4, 3, 2, 2, 0, 0]
[6, 0, 0, 0, 0, 0, 0, 0]

[0, 1, 2, 3, 4, 5, 6, 7]
[1, 1, 2, 3, 4, 5, 6, 7]
[2, 2, 1, 2, 3, 4, 5, 6]
[3, 3, 2, 1, 2, 3, 4, 5]
[4, 4, 3, 2, 1, 2, 3, 4]
[5, 5, 4, 3, 2, 2, 3, 0]
[6, 0, 0, 0, 0, 0, 0, 0]

[0, 1, 2, 3, 4, 5, 6, 7]
[1, 1, 2, 3, 4, 5, 6, 7]
[2, 2, 1, 2, 3, 4, 5, 6]
[3, 3, 2, 1, 2, 3, 4, 5]
[4, 4, 3, 2, 1, 2, 3, 4]
[5, 5, 4, 3, 2, 2, 3, 4]
[6, 0, 0, 0, 0, 0, 0, 0]

[0, 1, 2, 3, 4, 5, 6, 7]
[1, 1, 2, 3, 4, 5, 6, 7]
[2, 2, 1, 2, 3, 4, 5, 6]
[3, 3, 2, 1, 2, 3, 4, 5]
[4, 4, 3, 2, 1, 2, 3, 4]
[5, 5, 4, 3, 2, 2, 3, 4]
[6, 6, 0, 0, 0, 0, 0, 0]

[0, 1, 2, 3, 4, 5, 6, 7]
[1, 1, 2, 3, 4, 5, 6, 7]
[2, 2, 1, 2, 3, 4, 5, 6]
[3, 3, 2, 1, 2, 3, 4, 5]
[4, 4, 3, 2, 1, 2, 3, 4]
[5, 5, 4, 3, 2, 2, 3, 4]
[6, 6, 5, 0, 0, 0, 0, 0]

[0, 1, 2, 3, 4, 5, 6, 7]
[1, 1, 2, 3, 4, 5, 6, 7]
[2, 2, 1, 2, 3, 4, 5, 6]
[3, 3, 2, 1, 2, 3, 4, 5]
[4, 4, 3, 2, 1, 2, 3, 4]
[5, 5, 4, 3, 2, 2, 3, 4]
[6, 6, 5, 4, 0, 0, 0, 0]

[0, 1, 2, 3, 4, 5, 6, 7]
[1, 1, 2, 3, 4, 5, 6, 7]
[2, 2, 1, 2, 3, 4, 5, 6]
[3, 3, 2, 1, 2, 3, 4, 5]
[4, 4, 3, 2, 1, 2, 3, 4]
[5, 5, 4, 3, 2, 2, 3, 4]
[6, 6, 5, 4, 3, 0, 0, 0]

[0, 1, 2, 3, 4, 5, 6, 7]
[1, 1, 2, 3, 4, 5, 6, 7]
[2, 2, 1, 2, 3, 4, 5, 6]
[3, 3, 2, 1, 2, 3, 4, 5]
[4, 4, 3, 2, 1, 2, 3, 4]
[5, 5, 4, 3, 2, 2, 3, 4]
[6, 6, 5, 4, 3, 3, 0, 0]

[0, 1, 2, 3, 4, 5, 6, 7]
[1, 1, 2, 3, 4, 5, 6, 7]
[2, 2, 1, 2, 3, 4, 5, 6]
[3, 3, 2, 1, 2, 3, 4, 5]
[4, 4, 3, 2, 1, 2, 3, 4]
[5, 5, 4, 3, 2, 2, 3, 4]
[6, 6, 5, 4, 3, 3, 2, 0]

[0, 1, 2, 3, 4, 5, 6, 7]
[1, 1, 2, 3, 4, 5, 6, 7]
[2, 2, 1, 2, 3, 4, 5, 6]
[3, 3, 2, 1, 2, 3, 4, 5]
[4, 4, 3, 2, 1, 2, 3, 4]
[5, 5, 4, 3, 2, 2, 3, 4]
[6, 6, 5, 4, 3, 3, 2, 3]

Minimum edit distance between 'kitten' and 'sitting' is 3
